p 0 0
t 50 -50  // top right
t -110 0 //left right
t -158 0 // left left
k -158 -12
w -150 -150 4 300
w 150 -150 4 300
w -150 -150 146 4
d -4 -150
w 12 -150 140 4
w -150 146 300 4
w -170 -20 2 40
w -170 -20 20 2
w -170 18 20 2
m1 70 80
m2 62 70
m1 -40 30
m2 -60 20
m2 40 30
m1 60 20
k -110 -12
w -100 -100 4 200
w 100 -100 4 200
w -100 -100 96 4
d -4 -100
w 12 -100 88 4
w -100 96 200 4
w -120 -20 2 40
w -120 -20 20 2
w -120 18 20 2
t -115 -50
m1 -115 -60
m2 -122 -50
sh 60 40
ef -4 -180
m1 -60 70
m2 -52 70